              precision    recall  f1-score   support

          FF       0.41      0.82      0.54    256437
          SI       0.40      0.48      0.44    124955
          FC       0.36      0.13      0.20     61418
          CH       0.38      0.11      0.18     82416
          SL       0.41      0.18      0.25    119663
          CU       0.43      0.05      0.09     55405
          KC       0.38      0.11      0.17     12867
          ST       0.42      0.16      0.23     56039
          FS       0.44      0.11      0.17     25939
          KN       0.53      0.50      0.52       175
       OTHER       0.55      0.38      0.45      6664

    accuracy                           0.41    801978
   macro avg       0.43      0.28      0.29    801978
weighted avg       0.41      0.41      0.35    801978

