              precision    recall  f1-score   support

          FF       0.83      0.78      0.81    261336
          SI       0.60      0.70      0.65    126633
          FC       0.61      0.62      0.61     61905
          CH       0.69      0.63      0.66     83599
          SL       0.65      0.74      0.69    118921
          CU       0.75      0.79      0.77     54116
          KC       0.73      0.67      0.70     13917
          ST       0.76      0.60      0.67     61651
          FS       0.60      0.55      0.57     26636
          KN       0.73      0.53      0.62       178
       OTHER       0.77      0.61      0.68      7183

    accuracy                           0.71    816075
   macro avg       0.70      0.66      0.68    816075
weighted avg       0.72      0.71      0.71    816075

